# It contains all the information in extendedConvexHull.pdf
# X axis: Composition 
# Y axis: Y = (E(AxBy)-x*E(A)-y*E(B))/(x+y)
# Fitness: its distance to the convex hull (eV/block)
  ID   Compositions    Enthalpies     Thickness     Fitness   SYMM    X        Y     
                       (eV/atom)         (A)     (eV/block)             (eV/atom) 
 189  [     1  5  ]     -4.3122       5.9679     -0.0091      1   0.833  -0.0393
  55  [     3  3  ]     -4.2009       7.5201      0.0000      8   0.500  -0.0880
2456  [     5  0  ]     -3.8729       8.4287      0.0000     47   0.000   0.0000
3933  [     0  6  ]     -4.3529       7.3042      0.0000     13   1.000   0.0000
3024  [     1  5  ]     -4.2972       8.9630      0.0059      8   0.833  -0.0243
3302  [     0  6  ]     -4.3334       7.3366      0.0195     13   1.000   0.0195
3451  [     1  5  ]     -4.2797       8.4398      0.0234      8   0.833  -0.0067
2202  [     8  0  ]     -3.8486       6.7348      0.0244     12   0.000   0.0244
1220  [     5  2  ]     -4.0263       7.2699      0.0340      1   0.286  -0.0163
1518  [     7  1  ]     -3.9194       8.0710      0.0355      1   0.125   0.0135
3625  [     3  4  ]     -4.1832       8.9047      0.0396      1   0.571  -0.0360
1400  [     8  0  ]     -3.8331       7.0318      0.0398      1   0.000   0.0398
2006  [     0  7  ]     -4.3117       8.8939      0.0413      1   1.000   0.0413
2246  [     3  3  ]     -4.1550       7.5602      0.0459      8   0.500  -0.0421
1346  [     2  6  ]     -4.2274       8.6974      0.0502      1   0.750   0.0056
2341  [     1  6  ]     -4.2557       8.0416      0.0545      1   0.857   0.0287
3114  [     2  5  ]     -4.2112       8.8042      0.0554      1   0.714   0.0046
3994  [     5  0  ]     -3.8176       8.2984      0.0554      1   0.000   0.0554
1980  [     0  4  ]     -4.2953       5.5170      0.0576      1   1.000   0.0576
1646  [     3  3  ]     -4.1393       7.5395      0.0616      1   0.500  -0.0264
 876  [     1  5  ]     -4.2412       7.7672      0.0619      1   0.833   0.0317
2577  [     1  4  ]     -4.2282       5.3319      0.0647      1   0.800   0.0287
 789  [     2  3  ]     -4.1651       4.8051      0.0665      1   0.600  -0.0041
2033  [     4  2  ]     -4.0230       7.0892      0.0686      1   0.333   0.0099
2421  [     9  0  ]     -3.8015       8.9326      0.0714      1   0.000   0.0714
2083  [     0  6  ]     -4.2792       5.8916      0.0738      6   1.000   0.0738
1759  [     2  5  ]     -4.1883       7.7684      0.0783      1   0.714   0.0275
3150  [     1  5  ]     -4.2247       7.1172      0.0784      1   0.833   0.0483
2805  [     3  3  ]     -4.1223       6.7372      0.0786      1   0.500  -0.0094
3406  [     2  4  ]     -4.1720       5.4753      0.0800      2   0.667   0.0209
 575  [     3  5  ]     -4.1589       7.6513      0.0803      1   0.625   0.0140
2635  [     3  2  ]     -4.0549       4.8164      0.0804      8   0.400   0.0100
2368  [     6  1  ]     -3.8848       6.8079      0.0818      1   0.143   0.0567
2269  [     4  2  ]     -4.0053       6.1304      0.0863      1   0.333   0.0277
1727  [     1  4  ]     -4.2040       5.4616      0.0888      1   0.800   0.0529
 699  [     7  0  ]     -3.7834       6.7837      0.0895      6   0.000   0.0895
3821  [     1  6  ]     -4.2197       8.2495      0.0905      1   0.857   0.0647
1719  [     0  3  ]     -4.2618       2.8635      0.0911     10   1.000   0.0911
2244  [     5  2  ]     -3.9684       7.2866      0.0920      1   0.286   0.0417
1814  [     1  3  ]     -4.1831       4.3298      0.0944      1   0.750   0.0498
2686  [     3  3  ]     -4.1064       7.5237      0.0945      1   0.500   0.0065
3430  [     1  5  ]     -4.2074       8.4094      0.0957      1   0.833   0.0655
2763  [     2  4  ]     -4.1560       6.1227      0.0960      1   0.667   0.0369
2235  [     3  4  ]     -4.1225       8.1179      0.1003      1   0.571   0.0247
 907  [     7  0  ]     -3.7675       6.9438      0.1054      1   0.000   0.1054
1505  [     2  5  ]     -4.1609       8.0158      0.1056      1   0.714   0.0548
3353  [     1  6  ]     -4.2044       8.7885      0.1058      1   0.857   0.0799
2472  [     7  1  ]     -3.8488       7.7112      0.1061      1   0.125   0.0841
2683  [     0  6  ]     -4.2464       5.8326      0.1065      6   1.000   0.1065
2168  [     3  2  ]     -4.0270       4.7753      0.1083      1   0.400   0.0379
1035  [     3  3  ]     -4.0905       8.3966      0.1104      1   0.500   0.0224
4006  [     1  4  ]     -4.1819       6.7434      0.1110      1   0.800   0.0750
1367  [     2  6  ]     -4.1659       8.9039      0.1116      1   0.750   0.0670
3803  [     4  1  ]     -3.8919       8.5000      0.1122      8   0.200   0.0771
3091  [     1  7  ]     -4.2011       8.4672      0.1144      1   0.875   0.0918
2227  [     4  3  ]     -4.0385       7.5010      0.1155      1   0.429   0.0401
2656  [     2  3  ]     -4.1150       4.4798      0.1166      1   0.600   0.0459
2369  [     4  2  ]     -3.9744       5.2860      0.1172      1   0.333   0.0585
 166  [     1  5  ]     -4.1853       6.0393      0.1178      1   0.833   0.0876
 438  [     7  0  ]     -3.7519       7.0015      0.1210      1   0.000   0.1210
3092  [     2  5  ]     -4.1449       8.8165      0.1217      1   0.714   0.0709
 711  [     6  2  ]     -3.9145       8.2148      0.1225      1   0.250   0.0785
3651  [     0  6  ]     -4.2302       6.7232      0.1227      1   1.000   0.1227
1409  [     5  2  ]     -3.9375       7.2302      0.1229      1   0.286   0.0726
3648  [     3  4  ]     -4.0999       7.9118      0.1229      1   0.571   0.0473
 540  [     3  2  ]     -4.0098       3.5167      0.1255      2   0.400   0.0552
2326  [     5  1  ]     -3.8567       5.6751      0.1255      1   0.167   0.0962
1388  [     6  1  ]     -3.8382       6.7114      0.1285      1   0.143   0.1033
 221  [     3  3  ]     -4.0717       6.7265      0.1292      1   0.500   0.0412
1021  [     1  3  ]     -4.1482       4.3273      0.1293      1   0.750   0.0847
1843  [     1  4  ]     -4.1600       6.0002      0.1329      1   0.800   0.0970
1522  [     1  5  ]     -4.1690       8.5791      0.1341      1   0.833   0.1040
1760  [     1  6  ]     -4.1746       8.2950      0.1356      1   0.857   0.1098
1231  [     7  0  ]     -3.7364       7.3983      0.1366      1   0.000   0.1366
1063  [     0  3  ]     -4.2152       2.8205      0.1377      6   1.000   0.1377
 961  [     7  1  ]     -3.8162       8.6097      0.1388      1   0.125   0.1168
3912  [     2  4  ]     -4.1106       8.1194      0.1414      1   0.667   0.0824
1672  [     4  3  ]     -4.0118       7.7061      0.1423      1   0.429   0.0669
3588  [     1  3  ]     -4.1308       4.6823      0.1467      1   0.750   0.1021
2400  [     5  3  ]     -3.9706       8.5866      0.1483      1   0.375   0.0823
 440  [     3  3  ]     -4.0516       7.4804      0.1493      1   0.500   0.0614
3405  [     1  5  ]     -4.1532       6.6809      0.1499      1   0.833   0.1198
 910  [     1  4  ]     -4.1420       5.6689      0.1508      1   0.800   0.1149
 450  [     5  1  ]     -3.8310       6.0744      0.1513      1   0.167   0.1220
1556  [     6  1  ]     -3.8152       6.8594      0.1514      1   0.143   0.1263
3225  [     6  0  ]     -3.7209       7.1288      0.1520      1   0.000   0.1520
 843  [     3  4  ]     -4.0707       8.9406      0.1521      1   0.571   0.0765
1876  [     4  2  ]     -3.9393       8.6486      0.1522      1   0.333   0.0936
1767  [     0  5  ]     -4.1995       7.2795      0.1534      1   1.000   0.1534
1521  [     2  5  ]     -4.1122       8.2717      0.1544      1   0.714   0.1036
3431  [     2  3  ]     -4.0770       6.0705      0.1546      1   0.600   0.0840
3903  [     2  4  ]     -4.0950       8.5823      0.1570      1   0.667   0.0979
1774  [     1  6  ]     -4.1511       7.5622      0.1591      1   0.857   0.1333
1541  [     6  2  ]     -3.8778       8.4626      0.1592      1   0.250   0.1152
3671  [     3  3  ]     -4.0363       5.5640      0.1646      1   0.500   0.0767
1473  [     6  0  ]     -3.7053       5.9892      0.1676      1   0.000   0.1676
1878  [     4  2  ]     -3.9235       8.6642      0.1681      1   0.333   0.1095
 558  [     1  5  ]     -4.1346       6.8972      0.1685      1   0.833   0.1383
2493  [     3  2  ]     -3.9668       4.7346      0.1685      1   0.400   0.0982
  58  [     1  3  ]     -4.1089       2.6731      0.1686      1   0.750   0.1241
 628  [     0  6  ]     -4.1839       7.0259      0.1691      1   1.000   0.1691
3044  [     5  1  ]     -3.8124       5.9385      0.1699      1   0.167   0.1406
3197  [     1  4  ]     -4.1205       7.3115      0.1724      1   0.800   0.1365
2780  [     2  4  ]     -4.0795       6.5943      0.1725      1   0.667   0.1135
2212  [     4  3  ]     -3.9814       7.5796      0.1727      1   0.429   0.0973
1997  [     2  5  ]     -4.0934       6.1267      0.1732      1   0.714   0.1224
2678  [     2  3  ]     -4.0548       4.5675      0.1768      1   0.600   0.1062
1210  [     4  4  ]     -4.0208       8.6409      0.1801      1   0.500   0.0921
1605  [     7  1  ]     -3.7736       7.7400      0.1814      1   0.125   0.1594
2336  [     6  2  ]     -3.8548       8.9172      0.1821      1   0.250   0.1381
 671  [     0  6  ]     -4.1683       7.2597      0.1846      1   1.000   0.1846
3934  [     1  5  ]     -4.1170       7.4870      0.1861      1   0.833   0.1559
1567  [     3  4  ]     -4.0354       8.1063      0.1874      1   0.571   0.1118
3213  [     5  1  ]     -3.7947       8.5227      0.1875      1   0.167   0.1582
1327  [     3  2  ]     -3.9477       4.4603      0.1876      6   0.400   0.1172
1227  [     1  4  ]     -4.1050       6.5952      0.1879      1   0.800   0.1520
2836  [     2  4  ]     -4.0636       7.7937      0.1884      1   0.667   0.1294
1687  [     4  1  ]     -3.8153       4.5841      0.1888      1   0.200   0.1536
1732  [     1  6  ]     -4.1209       8.3635      0.1893      1   0.857   0.1634
1988  [     4  3  ]     -3.9621       7.6662      0.1919      1   0.429   0.1165
1996  [     2  5  ]     -4.0743       6.2153      0.1923      1   0.714   0.1415
2327  [     6  0  ]     -3.6806       5.8569      0.1924      1   0.000   0.1924
1369  [     5  2  ]     -3.8666       8.9848      0.1937      1   0.286   0.1435
1163  [     1  3  ]     -4.0833       3.5858      0.1942      1   0.750   0.1496
2424  [     5  3  ]     -3.9241       8.9376      0.1948      1   0.375   0.1288
3454  [     2  3  ]     -4.0334       6.2228      0.1982      8   0.600   0.1276
1179  [     6  1  ]     -3.7662       7.1853      0.2005      1   0.143   0.1753
 539  [     0  6  ]     -4.1524       7.3957      0.2006      1   1.000   0.2006
1318  [     1  5  ]     -4.0995       8.3234      0.2036      1   0.833   0.1734
2821  [     1  2  ]     -4.0484       2.7607      0.2036      1   0.667   0.1445
3602  [     3  3  ]     -3.9958       8.3019      0.2051      1   0.500   0.1171
3169  [     5  1  ]     -3.7754       8.6751      0.2068      1   0.167   0.1775
1432  [     3  4  ]     -4.0149       6.9476      0.2079      1   0.571   0.1323
2581  [     4  0  ]     -3.6647       4.2838      0.2082     13   0.000   0.2082
1242  [     5  2  ]     -3.8511       8.4902      0.2092      1   0.286   0.1590
 516  [     3  2  ]     -3.9228       4.0559      0.2126      1   0.400   0.1422
1504  [     2  5  ]     -4.0536       8.7244      0.2130      1   0.714   0.1622
3716  [     1  4  ]     -4.0794       5.9845      0.2134      1   0.800   0.1775
1758  [     1  6  ]     -4.0959       8.0961      0.2143      1   0.857   0.1884
2011  [     2  3  ]     -4.0171       6.5198      0.2144      1   0.600   0.1438
2355  [     1  3  ]     -4.0620       4.1359      0.2155      1   0.750   0.1709
2007  [     4  3  ]     -3.9359       8.1310      0.2181      1   0.429   0.1427
 782  [     6  1  ]     -3.7483       7.6147      0.2183      1   0.143   0.1932
3357  [     0  4  ]     -4.1344       6.5886      0.2185      1   1.000   0.2185
 812  [     4  4  ]     -3.9803       7.6719      0.2207      1   0.500   0.1327
2680  [     3  1  ]     -3.8145       6.8851      0.2224     25   0.250   0.1784
 683  [     6  0  ]     -3.6495       4.0211      0.2235     65   0.000   0.2235
1181  [     4  2  ]     -3.8671       6.6209      0.2245      1   0.333   0.1658
2812  [     1  5  ]     -4.0776       6.2091      0.2255      1   0.833   0.1954
2060  [     5  1  ]     -3.7562       4.5213      0.2261      1   0.167   0.1968
1568  [     5  2  ]     -3.8335       8.3413      0.2268      1   0.286   0.1766
2538  [     4  1  ]     -3.7772       4.0354      0.2269      3   0.200   0.1917
1373  [     3  4  ]     -3.9952       7.3964      0.2276      1   0.571   0.1521
2560  [     3  2  ]     -3.9054       4.9560      0.2299      1   0.400   0.1596
1853  [     1  4  ]     -4.0621       7.1913      0.2308      1   0.800   0.1949
2944  [     2  4  ]     -4.0194       5.8044      0.2325      1   0.667   0.1735
2374  [     1  3  ]     -4.0428       4.3940      0.2348      1   0.750   0.1902
1645  [     3  3  ]     -3.9634       7.1048      0.2375      1   0.500   0.1495
 938  [     0  3  ]     -4.1152       2.7531      0.2377      2   1.000   0.2377
1577  [     6  1  ]     -3.7285       7.2281      0.2381      1   0.143   0.2130
4009  [     5  0  ]     -3.6343       7.5714      0.2387      1   0.000   0.2387
2330  [     2  3  ]     -3.9928       4.3012      0.2388      1   0.600   0.1682
1921  [     4  3  ]     -3.9106       7.8077      0.2435      1   0.429   0.1681
3949  [     1  5  ]     -4.0588       8.7724      0.2443      1   0.833   0.2141
1689  [     1  4  ]     -4.0470       5.0405      0.2458      1   0.800   0.2099
2733  [     5  2  ]     -3.8139       7.1691      0.2464      1   0.286   0.1961
 517  [     3  2  ]     -3.8888       4.1623      0.2465      1   0.400   0.1762
1715  [     4  1  ]     -3.7566       4.1708      0.2476      1   0.200   0.2124
1226  [     4  2  ]     -3.8423       6.3216      0.2493      1   0.333   0.1907
1464  [     2  4  ]     -4.0006       6.2744      0.2514      1   0.667   0.1923
2596  [     5  1  ]     -3.7304       4.7735      0.2519      1   0.167   0.2225
1412  [     3  3  ]     -3.9483       6.6341      0.2526      1   0.500   0.1646
 187  [     3  4  ]     -3.9696       7.8037      0.2532      1   0.571   0.1777
 295  [     0  6  ]     -4.0995       5.8752      0.2534      2   1.000   0.2534
1100  [     5  0  ]     -3.6149       4.4424      0.2580      1   0.000   0.2580
4028  [     2  3  ]     -3.9718       8.2808      0.2598      1   0.600   0.1892
3703  [     4  3  ]     -3.8936       8.5024      0.2604      1   0.429   0.1850
2243  [     6  1  ]     -3.7050       6.7486      0.2617      2   0.143   0.2365
1739  [     1  5  ]     -4.0401       7.3811      0.2630      1   0.833   0.2328
1059  [     3  2  ]     -3.8703       4.7670      0.2650      1   0.400   0.1946
1860  [     4  2  ]     -3.8257       8.0319      0.2659      1   0.333   0.2072
3131  [     4  1  ]     -3.7364       5.9266      0.2677      1   0.200   0.2325
1832  [     1  4  ]     -4.0251       6.8296      0.2678      1   0.800   0.2318
 537  [     3  3  ]     -3.9329       7.2695      0.2680      8   0.500   0.1800
2684  [     0  6  ]     -4.0838       8.8653      0.2692      1   1.000   0.2692
4014  [     2  4  ]     -3.9828       6.5350      0.2692      1   0.667   0.2102
1272  [     5  2  ]     -3.7861       8.0258      0.2742      1   0.286   0.2240
1937  [     5  0  ]     -3.5988       4.6841      0.2742      1   0.000   0.2742
1673  [     5  1  ]     -3.7079       6.2539      0.2744      1   0.167   0.2450
 829  [     3  1  ]     -3.7618       3.4493      0.2751      1   0.250   0.2312
1519  [     4  3  ]     -3.8781       7.2617      0.2759      1   0.429   0.2005
1229  [     5  3  ]     -3.8419       8.9065      0.2770      1   0.375   0.2110
1665  [     2  3  ]     -3.9534       6.3801      0.2782      1   0.600   0.2075
 328  [     3  3  ]     -3.9169       5.7662      0.2840      1   0.500   0.1960
2561  [     4  1  ]     -3.7200       4.3041      0.2841      1   0.200   0.2489
3410  [     0  6  ]     -4.0685       7.2607      0.2845      1   1.000   0.2845
1751  [     1  4  ]     -4.0073       4.7120      0.2856      1   0.800   0.2496
 211  [     1  5  ]     -4.0166       8.9854      0.2864      1   0.833   0.2563
3029  [     1  3  ]     -3.9908       6.2963      0.2867      8   0.750   0.2421
3966  [     2  4  ]     -3.9631       8.4612      0.2889      1   0.667   0.2298
1329  [     3  2  ]     -3.8457       5.8735      0.2896      1   0.400   0.2192
1376  [     4  2  ]     -3.8010       7.2067      0.2906      1   0.333   0.2320
2080  [     6  0  ]     -3.5823       5.5272      0.2906      1   0.000   0.2906
1538  [     5  1  ]     -3.6911       4.6909      0.2911      1   0.167   0.2618
3830  [     3  1  ]     -3.7454       7.2231      0.2916      8   0.250   0.2476
1284  [     6  1  ]     -3.6745       7.4073      0.2921      1   0.143   0.2670
2463  [     5  3  ]     -3.8232       8.4726      0.2957      1   0.375   0.2297
1542  [     5  2  ]     -3.7620       8.9530      0.2983      1   0.286   0.2480
1866  [     2  3  ]     -3.9329       6.0118      0.2987      1   0.600   0.2281
 953  [     4  1  ]     -3.7041       5.6330      0.3001      1   0.200   0.2649
2576  [     1  4  ]     -3.9921       7.7877      0.3008      1   0.800   0.2649
1356  [     1  3  ]     -3.9753       4.2225      0.3022      1   0.750   0.2576
2506  [     3  3  ]     -3.8975       6.7301      0.3034      1   0.500   0.2154
3569  [     0  3  ]     -4.0474       2.8989      0.3056      6   1.000   0.3056
2720  [     3  2  ]     -3.8296       5.9974      0.3057      1   0.400   0.2353
2061  [     5  0  ]     -3.5672       4.4273      0.3058      1   0.000   0.3058
 596  [     3  5  ]     -3.9310       8.7040      0.3082      1   0.625   0.2419
1523  [     5  1  ]     -3.6712       6.0386      0.3111      1   0.167   0.2817
2513  [     4  2  ]     -3.7792       5.0115      0.3123      1   0.333   0.2537
 622  [     2  3  ]     -3.9171       4.5507      0.3144      1   0.600   0.2438
2267  [     6  1  ]     -3.6517       8.5223      0.3149      1   0.143   0.2898
3443  [     1  5  ]     -3.9877       7.6545      0.3154      1   0.833   0.2853
1476  [     4  1  ]     -3.6884       4.6732      0.3157      1   0.200   0.2805
2713  [     5  2  ]     -3.7425       7.9934      0.3178      1   0.286   0.2675
 746  [     1  3  ]     -3.9585       2.1886      0.3190      1   0.750   0.2744
 409  [     2  4  ]     -3.9325       6.3097      0.3195      6   0.667   0.2604
  73  [     0  5  ]     -4.0322       4.7100      0.3207      1   1.000   0.3207
3307  [     3  2  ]     -3.8145       8.6092      0.3208      1   0.400   0.2504
2090  [     7  0  ]     -3.5515       5.9477      0.3214      1   0.000   0.3214
2333  [     3  1  ]     -3.7139       3.7826      0.3231      1   0.250   0.2791
1726  [     1  4  ]     -3.9697       5.8749      0.3232      1   0.800   0.2872
 581  [     3  3  ]     -3.8769       8.0246      0.3240      1   0.500   0.2361
1433  [     5  1  ]     -3.6558       5.7095      0.3264      1   0.167   0.2971
 804  [     6  1  ]     -3.6351       7.0927      0.3316      1   0.143   0.3064
3982  [     2  3  ]     -3.8999       6.0482      0.3316      1   0.600   0.2610
2994  [     1  3  ]     -3.9429       6.1758      0.3346      1   0.750   0.2900
3742  [     0  4  ]     -4.0158       2.1200      0.3371     13   1.000   0.3371
 792  [     5  0  ]     -3.5335       4.4689      0.3394      6   0.000   0.3394
1222  [     4  2  ]     -3.7518       7.9320      0.3398      1   0.333   0.2811
1501  [     4  1  ]     -3.6638       4.8231      0.3404      1   0.200   0.3052
2981  [     3  2  ]     -3.7915       8.4250      0.3438      1   0.400   0.2735
2869  [     2  2  ]     -3.8568       6.7466      0.3441      1   0.500   0.2562
2500  [     5  3  ]     -3.7743       8.0576      0.3446      1   0.375   0.2786
 310  [     4  3  ]     -3.8084       7.4337      0.3457      1   0.429   0.2703
2332  [     3  1  ]     -3.6905       3.4576      0.3464      1   0.250   0.3024
1816  [     1  2  ]     -3.9054       2.5291      0.3465      2   0.667   0.2875
1544  [     6  1  ]     -3.6153       7.3586      0.3514      1   0.143   0.3262
 643  [     2  3  ]     -3.8782       4.7227      0.3534      1   0.600   0.2828
2454  [     7  0  ]     -3.5184       5.9826      0.3546      1   0.000   0.3546
1104  [     1  4  ]     -3.9376       7.3679      0.3553      1   0.800   0.3194
3060  [     5  1  ]     -3.6267       6.4564      0.3556      1   0.167   0.3263
1062  [     0  3  ]     -3.9956       3.8800      0.3573      1   1.000   0.3573
 832  [     4  1  ]     -3.6455       4.4732      0.3586      1   0.200   0.3235
2549  [     3  2  ]     -3.7762       5.2418      0.3591      1   0.400   0.2887
2698  [     3  3  ]     -3.8402       6.8707      0.3607      1   0.500   0.2727
 303  [     4  2  ]     -3.7282       4.1672      0.3634      1   0.333   0.3047
1127  [     1  3  ]     -3.9089       5.9192      0.3686      1   0.750   0.3240
2271  [     2  3  ]     -3.8628       6.0500      0.3688      1   0.600   0.2981
 229  [     1  2  ]     -3.8811       2.6120      0.3709      1   0.667   0.3119
3286  [     3  4  ]     -3.8516       8.8212      0.3712      1   0.571   0.2956
2601  [     1  4  ]     -3.9214       6.0849      0.3715      1   0.800   0.3356
2433  [     5  0  ]     -3.5001       4.0846      0.3729      1   0.000   0.3729
3002  [     0  6  ]     -3.9788       7.8795      0.3741      1   1.000   0.3741
1435  [     3  2  ]     -3.7603       5.4544      0.3750      1   0.400   0.3046
1123  [     5  1  ]     -3.6034       5.7365      0.3789      1   0.167   0.3496
1793  [     3  3  ]     -3.8183       7.3360      0.3826      1   0.500   0.2946
3873  [     4  1  ]     -3.6201       7.5470      0.3840      1   0.200   0.3488
2658  [     3  1  ]     -3.6517       7.7200      0.3852     25   0.250   0.3412
1927  [     2  3  ]     -3.8453       7.0694      0.3862      1   0.600   0.3156
1998  [     4  2  ]     -3.7054       5.9144      0.3862      1   0.333   0.3276
2963  [     1  3  ]     -3.8899       5.5267      0.3877      1   0.750   0.3431
3672  [     5  0  ]     -3.4831       7.2391      0.3898      1   0.000   0.3898
3979  [     1  5  ]     -3.9131       7.1084      0.3900      1   0.833   0.3599
2466  [     3  2  ]     -3.7451       8.3589      0.3902      1   0.400   0.3198
  63  [     0  5  ]     -3.9623       5.5321      0.3907      1   1.000   0.3907
1824  [     1  2  ]     -3.8612       2.8077      0.3908      1   0.667   0.3318
1138  [     3  3  ]     -3.8025       8.1241      0.3984      1   0.500   0.3104
3784  [     1  4  ]     -3.8935       7.3668      0.3993      1   0.800   0.3634
 185  [     3  1  ]     -3.6345       3.9565      0.4024      1   0.250   0.3584
 806  [     4  2  ]     -3.6887       5.9157      0.4028      1   0.333   0.3442
2757  [     4  1  ]     -3.6005       4.5135      0.4036      1   0.200   0.3684
3575  [     3  2  ]     -3.7301       6.9961      0.4052      1   0.400   0.3348
 942  [     2  4  ]     -3.8442       5.3557      0.4078      1   0.667   0.3488
2739  [     5  0  ]     -3.4644       4.2278      0.4086      6   0.000   0.4086
3962  [     1  3  ]     -3.8687       5.4400      0.4089      1   0.750   0.3643
 604  [     0  2  ]     -3.9433       1.6405      0.4096     13   1.000   0.4096
1330  [     2  3  ]     -3.8219       4.9113      0.4097      1   0.600   0.3391
3246  [     5  1  ]     -3.5720       8.3894      0.4102      8   0.167   0.3809
 566  [     3  3  ]     -3.7863       5.5555      0.4146      1   0.500   0.3266
2444  [     3  2  ]     -3.7134       8.1692      0.4219      1   0.400   0.3515
 332  [     5  0  ]     -3.4485       5.4162      0.4245     38   0.000   0.4245
  99  [     1  2  ]     -3.8271       2.9650      0.4249      1   0.667   0.3658
2020  [     4  2  ]     -3.6658       4.9111      0.4258      1   0.333   0.3671
1143  [     1  3  ]     -3.8517       5.8737      0.4259      1   0.750   0.3813
 267  [     0  4  ]     -3.9250       5.9035      0.4280      2   1.000   0.4280
 357  [     4  1  ]     -3.5728       3.6328      0.4313      1   0.200   0.3961
2103  [     2  3  ]     -3.7995       7.1761      0.4321      1   0.600   0.3615
1528  [     3  3  ]     -3.7671       6.6632      0.4338      1   0.500   0.3458
1392  [     3  2  ]     -3.6966       5.0071      0.4387      1   0.400   0.3683
3874  [     1  4  ]     -3.8514       6.4508      0.4415      1   0.800   0.4056
 356  [     5  0  ]     -3.4304       4.7049      0.4426      1   0.000   0.4426
3217  [     1  3  ]     -3.8339       5.8443      0.4436      1   0.750   0.3990
 393  [     1  5  ]     -3.8593       8.2990      0.4438      3   0.833   0.4136
3592  [     0  2  ]     -3.9088       1.3377      0.4441      2   1.000   0.4441
2773  [     1  2  ]     -3.8060       2.2775      0.4460      1   0.667   0.3869
1704  [     2  3  ]     -3.7827       5.7813      0.4488      1   0.600   0.3782
 311  [     3  3  ]     -3.7500       7.1405      0.4509      1   0.500   0.3629
 706  [     4  1  ]     -3.5530       4.4582      0.4511      1   0.200   0.4159
3065  [     3  2  ]     -3.6800       7.6428      0.4554      1   0.400   0.3850
3045  [     5  1  ]     -3.5265       5.4686      0.4557      1   0.167   0.4264
3069  [     3  1  ]     -3.5805       3.8991      0.4564      6   0.250   0.4124
2229  [     4  2  ]     -3.6307       6.9632      0.4609      1   0.333   0.4023
3700  [     0  3  ]     -3.8872       3.2114      0.4658     38   1.000   0.4658
2798  [     1  2  ]     -3.7856       2.2478      0.4663      1   0.667   0.4073
3007  [     1  3  ]     -3.8069       6.6158      0.4707      8   0.750   0.4261
  95  [     6  0  ]     -3.4018       5.0489      0.4712      1   0.000   0.4712
2432  [     2  3  ]     -3.7602       6.3964      0.4714      1   0.600   0.4007
1558  [     5  2  ]     -3.5876       7.8860      0.4728      1   0.286   0.4225
2564  [     3  1  ]     -3.5620       4.8969      0.4749      8   0.250   0.4309
 995  [     3  3  ]     -3.7201       7.8433      0.4808      1   0.500   0.3928
 997  [     4  1  ]     -3.5216       5.4987      0.4825      1   0.200   0.4474
 104  [     6  0  ]     -3.3866       8.4464      0.4864      1   0.000   0.4864
 414  [     3  2  ]     -3.6453       4.5719      0.4900      1   0.400   0.4196
 302  [     4  2  ]     -3.6015       4.6076      0.4901      1   0.333   0.4314
3861  [     1  3  ]     -3.7865       6.5499      0.4910      1   0.750   0.4464
 691  [     0  4  ]     -3.8607       5.8730      0.4922      1   1.000   0.4922
